r(9,0,0,0)
w(9,3,0,0)
r(8,0,0,0)
w(8,4,0,0)
r(8,4,0,1)
w(8,33,0,1)
r(9,3,0,2)
w(9,35,0,2)
r(9,35,10,3)
r(8,33,10,3)
w(8,22,10,3)
w(9,21,10,3)
r(8,22,0,4)
w(8,37,0,4)
r(9,21,5,5)
r(8,37,5,5)
w(8,12,5,5)
w(9,11,5,5)
r(9,11,10,6)
w(9,40,10,6)
r(9,40,10,6)
r(7,0,0,7)
w(7,41,0,7)
r(9,40,5,8)
w(9,43,5,8)
r(7,41,5,8)
w(7,44,5,8)
r(8,12,10,9)
w(8,45,10,9)
r(9,43,0,10)
r(7,44,0,10)
w(9,48,0,10)
r(8,45,5,11)
r(9,48,5,11)
w(8,49,5,11)
w(9,50,5,11)
r(7,44,10,12)
r(7,44,10,12)
w(7,51,10,12)
r(3,0,5,13)
r(8,49,0,14)
w(8,53,0,14)
r(7,51,10,15)
w(7,58,10,15)
r(9,50,10,15)
r(9,50,5,16)
r(8,53,5,16)
w(9,60,5,16)
r(9,62,10,17)
r(8,53,10,17)
w(8,64,10,17)
r(9,60,0,18)
r(4,0,0,18)
w(9,62,0,18)
r(4,0,5,19)
r(4,0,5,19)
w(4,65,5,19)
r(9,62,10,20)
w(9,67,10,20)
r(5,0,0,21)
w(5,70,0,21)
r(9,62,0,21)
r(1,0,5,22)
r(3,0,5,22)
w(1,71,5,22)
w(3,72,5,22)
r(9,67,10,23)
w(9,73,10,23)
r(8,64,10,23)
w(8,74,10,23)
r(6,0,0,24)
r(9,67,0,24)
r(6,0,5,25)
r(6,0,5,25)
w(6,77,5,25)
r(8,74,10,26)
r(7,58,10,26)
w(8,80,10,26)
r(9,73,0,27)
w(9,81,0,27)
r(5,70,5,28)
r(8,80,5,28)
w(8,84,5,28)
r(9,81,10,29)
r(4,65,10,29)
w(4,86,10,29)
r(9,81,0,30)
w(9,88,0,30)
r(5,70,0,30)
r(6,77,5,31)
r(9,88,5,31)
w(6,89,5,31)
w(9,90,5,31)
r(7,58,10,32)
w(7,94,10,32)
r(9,90,10,32)
r(9,90,0,33)
w(9,92,0,33)
r(9,92,0,33)
r(5,70,5,34)
r(9,92,5,34)
r(9,92,10,35)
r(8,84,10,35)
w(8,98,10,35)
w(9,97,10,35)
r(9,97,0,36)
r(9,97,5,37)
r(9,97,10,38)
r(9,97,10,38)
w(9,103,10,38)
r(8,98,0,39)
r(8,98,0,39)
w(8,105,0,39)
r(9,108,10,40)
r(8,107,10,40)
w(8,110,10,40)
r(8,105,5,41)
r(9,103,5,41)
w(8,107,5,41)
w(9,108,5,41)
r(7,94,0,42)
r(8,110,0,42)
r(9,108,10,43)
w(9,113,10,43)
r(3,72,5,44)
r(9,113,0,45)
w(9,118,0,45)
r(7,94,0,45)
r(9,118,10,46)
w(9,120,10,46)
r(7,94,10,46)
r(8,110,5,47)
r(9,120,5,47)
w(8,122,5,47)
r(9,120,0,48)
r(9,120,0,48)
w(9,123,0,48)
r(9,123,5,49)
r(8,122,5,49)
w(9,126,5,49)
r(9,126,10,50)
r(9,126,10,50)
w(9,127,10,50)
r(9,127,5,51)
r(6,89,5,51)
w(9,131,5,51)
w(6,132,5,51)
r(7,94,10,52)
w(7,133,10,52)
r(9,131,10,52)
w(9,134,10,52)
r(9,134,5,53)
r(7,133,5,53)
w(7,136,5,53)
w(9,135,5,53)
r(8,122,10,54)
w(8,138,10,54)
r(9,130,10,54)
r(3,72,0,55)
r(9,135,0,55)
w(3,129,0,55)
w(9,130,0,55)
r(9,130,5,56)
r(8,138,5,56)
w(8,140,5,56)
r(7,136,10,57)
w(7,142,10,57)
r(7,142,10,57)
r(8,140,0,58)
w(8,144,0,58)
r(8,144,0,58)
r(8,144,5,59)
r(8,144,10,60)
w(8,147,10,60)
r(4,86,5,61)
r(9,130,5,61)
w(4,151,5,61)
w(9,152,5,61)
r(8,147,10,62)
r(6,132,10,62)
w(8,153,10,62)
w(6,154,10,62)
r(8,153,5,63)
r(6,154,10,64)
r(9,152,10,64)
w(9,158,10,64)
r(9,158,0,65)
r(8,153,0,65)
w(9,149,0,65)
w(8,150,0,65)
r(7,142,5,66)
w(7,159,5,66)
r(9,149,10,67)
r(6,154,10,67)
r(8,150,0,68)
r(7,159,0,68)
w(8,164,0,68)
r(4,151,10,69)
w(4,167,10,69)
r(9,149,10,69)
w(9,168,10,69)
r(8,164,0,70)
w(8,170,0,70)
r(6,154,0,70)
r(8,170,10,71)
w(8,172,10,71)
r(8,172,10,71)
r(9,168,5,72)
r(8,172,5,72)
w(8,166,5,72)
w(9,165,5,72)
r(9,165,10,73)
w(9,174,10,73)
r(9,174,10,73)
r(7,159,5,74)
r(9,174,5,74)
r(8,166,0,75)
r(8,166,0,75)
w(8,175,0,75)
r(8,175,10,76)
r(5,70,10,76)
w(8,180,10,76)
r(9,174,5,77)
r(8,180,5,77)
w(8,182,5,77)
w(9,181,5,77)
r(9,181,10,78)
r(4,167,10,78)
w(9,185,10,78)
w(4,186,10,78)
r(9,185,10,79)
r(8,182,10,79)
w(9,190,10,79)
r(9,190,5,80)
w(9,187,5,80)
r(8,182,0,81)
r(4,186,0,81)
w(4,184,0,81)
w(8,183,0,81)
r(8,183,10,82)
r(7,159,10,82)
w(8,191,10,82)
w(7,192,10,82)
r(9,187,5,83)
r(8,191,5,83)
w(8,202,5,83)
r(4,184,0,84)
w(4,203,0,84)
r(5,70,0,85)
r(5,70,0,85)
w(5,223,0,85)
r(8,202,10,86)
r(9,187,10,86)
w(9,212,10,86)
w(8,211,10,86)
r(7,192,0,87)
r(8,211,10,88)
r(6,154,5,89)
r(9,212,5,89)
w(6,225,5,89)
w(9,226,5,89)
r(8,233,5,90)
w(8,236,5,90)
r(5,223,5,90)
r(8,211,10,91)
w(8,233,10,91)
r(9,226,10,91)
w(9,234,10,91)
r(9,234,0,92)
w(9,232,0,92)
r(7,192,0,92)
r(9,232,5,93)
r(8,236,5,93)
w(9,238,5,93)
r(9,238,5,94)
w(9,244,5,94)
r(9,244,5,94)
r(7,192,10,95)
w(7,239,10,95)
r(9,244,10,95)
w(9,240,10,95)
r(8,236,5,96)
r(9,240,0,97)
w(9,241,0,97)
r(7,239,10,98)
r(7,239,10,98)
w(7,249,10,98)
r(9,241,5,99)
r(6,225,5,99)
w(9,248,5,99)
r(8,236,0,100)
r(9,248,0,100)
w(9,252,0,100)
r(6,225,10,101)
r(8,236,5,102)
w(8,255,5,102)
r(9,252,0,103)
w(9,257,0,103)
r(7,249,0,103)
w(7,258,0,103)
r(7,258,10,104)
w(7,259,10,104)
r(9,257,10,104)
w(9,260,10,104)
r(9,260,5,105)
w(9,261,5,105)
r(8,255,0,106)
r(9,261,0,106)
w(9,264,0,106)
r(9,264,10,107)
w(9,266,10,107)
r(7,259,10,107)
r(8,255,0,108)
r(9,266,0,108)
w(9,270,0,108)
w(8,269,0,108)
r(9,270,5,109)
r(9,270,5,109)
w(9,267,5,109)
r(8,269,10,110)
r(9,267,10,110)
w(9,272,10,110)
r(9,272,0,111)
r(8,269,0,111)
w(8,274,0,111)
w(9,273,0,111)
r(6,225,5,112)
r(9,273,5,112)
w(6,276,5,112)
r(7,259,10,113)
w(7,277,10,113)
r(9,273,10,113)
w(9,278,10,113)
r(7,277,0,114)
r(9,278,0,114)
w(9,280,0,114)
r(9,280,5,115)
r(7,277,5,115)
r(9,280,0,116)
w(9,283,0,116)
r(8,274,0,116)
w(8,284,0,116)
r(9,283,5,117)
r(8,284,10,118)
r(5,223,10,118)
w(8,286,10,118)
r(7,277,0,119)
r(8,284,0,119)
r(9,283,5,120)
r(3,129,5,120)
w(3,292,5,120)
r(8,286,5,121)
w(8,298,5,121)
r(8,298,5,121)
r(9,283,10,122)
r(6,276,10,122)
w(9,294,10,122)
r(9,294,5,123)
r(3,292,5,123)
w(3,300,5,123)
r(9,294,10,124)
r(8,298,10,124)
r(8,298,0,125)
r(9,294,0,125)
w(9,296,0,125)
w(8,295,0,125)
r(7,277,0,126)
r(8,295,0,126)
w(7,308,0,126)
r(5,223,10,127)
w(5,305,10,127)
r(8,295,5,128)
r(9,296,5,128)
w(9,304,5,128)
w(8,303,5,128)
r(9,304,10,129)
r(8,303,10,129)
r(9,304,0,130)
r(6,276,0,130)
w(9,309,0,130)
w(6,310,0,130)
r(9,309,10,131)
w(9,315,10,131)
r(8,303,5,132)
r(8,303,0,133)
r(9,315,0,133)
w(8,318,0,133)
r(8,318,10,134)
w(8,320,10,134)
r(6,310,10,134)
r(6,322,0,135)
r(6,310,5,136)
w(6,322,5,136)
r(9,315,5,136)
r(7,308,10,137)
w(7,325,10,137)
r(4,203,0,138)
r(5,305,0,138)
w(4,330,0,138)
r(7,325,5,139)
r(9,315,10,140)
w(9,332,10,140)
r(9,332,10,140)
r(8,320,5,141)
r(9,332,5,141)
w(9,336,5,141)
r(8,320,0,142)
r(7,325,0,142)
r(9,336,10,143)
r(5,305,10,143)
w(9,337,10,143)
w(5,338,10,143)
r(8,320,0,144)
r(9,337,0,144)
r(8,320,5,145)
r(9,337,5,145)
w(8,339,5,145)
w(9,340,5,145)
r(6,322,0,146)
w(6,346,0,146)
r(6,346,0,146)
r(7,325,10,147)
r(8,339,10,147)
w(7,343,10,147)
w(8,344,10,147)
r(7,343,5,148)
r(9,340,5,148)
w(9,348,5,148)
r(9,348,0,149)
r(8,344,0,149)
w(9,349,0,149)
w(8,350,0,149)
r(8,350,5,150)
r(7,343,5,150)
w(7,354,5,150)
w(8,353,5,150)
r(5,338,10,151)
w(5,352,10,151)
r(5,352,10,151)
r(9,349,0,152)
r(8,353,0,152)
w(8,356,0,152)
w(9,355,0,152)
r(9,355,5,153)
r(8,356,5,153)
w(9,358,5,153)
r(9,358,0,154)
r(8,356,0,154)
w(9,362,0,154)
r(6,346,10,155)
r(9,362,10,155)
w(9,360,10,155)
w(6,359,10,155)
r(7,354,0,156)
r(5,352,0,156)
w(7,366,0,156)
r(9,360,5,157)
r(9,360,5,157)
w(9,363,5,157)
r(7,366,10,158)
w(7,367,10,158)
r(5,352,10,158)
w(5,368,10,158)
r(9,363,5,159)
w(9,372,5,159)
r(9,372,5,159)
r(4,330,0,160)
r(8,356,0,160)
w(8,370,0,160)
w(4,369,0,160)
r(9,372,10,161)
w(9,374,10,161)
r(7,367,10,161)
r(9,374,0,162)
w(9,375,0,162)
r(9,375,5,163)
r(4,369,5,163)
w(4,378,5,163)
r(7,367,10,164)
r(9,375,10,164)
w(7,379,10,164)
w(9,380,10,164)
r(9,380,0,165)
w(9,382,0,165)
r(9,382,0,165)
r(4,378,5,166)
w(4,383,5,166)
r(8,370,10,167)
r(9,382,10,167)
w(9,386,10,167)
r(4,383,0,168)
w(4,388,0,168)
r(9,386,0,168)
r(8,370,5,169)
r(7,379,5,169)
w(7,390,5,169)
r(7,390,10,170)
r(7,390,10,170)
w(7,391,10,170)
r(9,386,5,171)
r(8,370,5,171)
r(9,386,0,172)
r(9,386,10,173)
r(8,370,10,173)
w(9,397,10,173)
w(8,398,10,173)
r(8,398,5,174)
r(8,398,0,175)
w(8,399,0,175)
r(9,397,5,176)
w(9,406,5,176)
r(9,406,5,176)
r(9,406,0,177)
w(9,408,0,177)
r(9,408,0,177)
r(8,399,5,178)
r(8,399,5,178)
w(8,409,5,178)
r(9,408,10,179)
w(9,403,10,179)
r(8,409,10,179)
w(8,404,10,179)
r(8,404,0,180)
w(8,412,0,180)
r(9,403,0,180)
r(9,403,10,181)
w(9,419,10,181)
r(8,417,10,181)
w(8,420,10,181)
r(8,412,5,182)
r(8,412,5,182)
w(8,417,5,182)
r(6,359,0,183)
r(9,419,0,183)
w(9,428,0,183)
r(9,428,10,184)
r(3,300,10,184)
w(3,430,10,184)
w(9,429,10,184)
r(4,388,5,185)
r(4,388,5,185)
w(4,431,5,185)
r(7,391,0,186)
r(7,391,0,186)
w(7,441,0,186)
r(9,429,10,187)
r(8,420,10,187)
w(8,446,10,187)
w(9,445,10,187)
r(8,446,5,188)
r(8,446,5,188)
w(8,449,5,188)
r(9,445,0,189)
w(9,452,0,189)
r(7,441,0,189)
r(9,452,10,190)
r(5,368,5,191)
r(8,449,5,191)
r(8,449,0,192)
r(8,449,0,192)
w(8,459,0,192)
r(9,452,10,193)
w(9,461,10,193)
r(7,441,10,193)
w(7,462,10,193)
r(9,461,5,194)
r(4,431,5,194)
w(4,464,5,194)
w(9,463,5,194)
r(9,463,10,195)
w(9,468,10,195)
r(9,468,10,195)
r(3,430,5,196)
r(9,468,5,196)
w(3,469,5,196)
w(9,470,5,196)
r(9,470,10,197)
w(9,472,10,197)
r(8,459,10,197)
r(9,472,0,198)
r(8,459,0,198)
w(8,466,0,198)
w(9,465,0,198)
r(6,359,5,199)
r(6,359,5,199)
w(6,473,5,199)
r(8,466,10,200)
r(9,465,10,200)
w(8,475,10,200)
w(9,476,10,200)
r(8,475,5,201)
w(8,480,5,201)
r(8,480,5,201)
r(8,480,10,202)
r(9,476,10,202)
w(8,482,10,202)
r(6,473,0,203)
w(6,477,0,203)
r(7,462,0,203)
w(7,478,0,203)
r(9,476,0,204)
r(7,478,0,204)
r(9,476,5,205)
r(8,482,5,205)
r(8,482,10,206)
r(3,469,10,206)
w(8,485,10,206)
w(3,486,10,206)
r(6,477,5,207)
w(6,491,5,207)
r(9,476,0,208)
w(9,489,0,208)
r(5,368,0,208)
w(5,490,0,208)
r(7,478,10,209)
r(9,489,10,209)
w(7,494,10,209)
r(8,485,5,210)
w(8,496,5,210)
r(9,489,5,210)
r(7,494,0,211)
w(7,498,0,211)
r(9,489,0,211)
r(8,496,10,212)
r(9,489,10,212)
w(8,499,10,212)
w(9,500,10,212)
r(6,491,5,213)
r(9,500,5,213)
w(9,502,5,213)
w(6,501,5,213)
r(6,501,0,214)
w(6,504,0,214)
r(6,504,0,214)
r(8,499,5,215)
w(8,508,5,215)
r(8,508,5,215)
r(9,502,10,216)
w(9,506,10,216)
r(9,506,10,216)
r(8,508,0,217)
r(5,490,0,217)
r(7,498,5,218)
r(9,506,5,218)
w(9,512,5,218)
w(7,511,5,218)
r(9,512,0,219)
w(9,515,0,219)
r(9,515,10,220)
r(8,508,10,220)
w(8,514,10,220)
w(9,513,10,220)
r(7,511,5,221)
r(8,514,5,221)
w(7,518,5,221)
r(6,504,0,222)
r(7,518,0,222)
w(7,520,0,222)
w(6,519,0,222)
r(9,513,10,223)
r(6,519,10,223)
w(6,522,10,223)
r(8,514,0,224)
w(8,524,0,224)
r(8,524,0,224)
r(6,522,5,225)
w(6,525,5,225)
r(1,71,5,225)
w(1,526,5,225)
r(8,524,10,226)
w(8,527,10,226)
r(7,520,0,227)
w(7,529,0,227)
r(6,525,48,228)
r(8,535,48,228)
w(6,537,48,228)
w(8,538,48,228)
r(8,538,43,229)
w(8,448,43,229)
r(8,448,43,229)
r(10,0,48,230)
w(10,548,48,230)
r(7,435,48,230)
r(8,448,53,231)
w(8,552,53,231)
r(5,490,53,231)
r(6,537,43,232)
r(6,537,43,232)
w(6,557,43,232)
r(6,557,48,233)
w(6,562,48,233)
r(6,562,48,233)
r(10,566,48,234)
w(10,569,48,234)
r(8,552,53,235)
r(8,552,53,235)
w(8,563,53,235)
r(10,548,43,236)
w(10,566,43,236)
r(10,566,43,236)
r(10,572,54,237)
r(7,435,54,237)
w(7,556,54,237)
r(9,414,49,238)
r(5,490,49,238)
w(5,542,49,238)
w(9,541,49,238)
r(10,572,49,239)
w(10,584,49,239)
r(10,584,49,239)
r(7,556,59,240)
w(7,568,59,240)
r(10,584,59,240)
r(6,562,59,241)
w(6,590,59,241)
r(6,590,59,241)
r(8,563,54,242)
r(10,584,54,242)
w(8,585,54,242)
w(10,586,54,242)
r(8,585,49,243)
w(8,588,49,243)
r(10,586,49,243)
r(10,586,54,244)
r(6,590,54,244)
w(6,592,54,244)
r(7,568,59,245)
w(7,594,59,245)
r(7,594,59,245)
r(10,586,49,246)
r(5,542,49,246)
r(6,592,54,247)
w(6,598,54,247)
r(10,586,54,247)
r(5,542,59,248)
r(8,588,59,248)
r(10,586,49,249)
r(10,586,49,249)
w(10,601,49,249)
r(8,588,54,250)
w(8,604,54,250)
r(6,598,54,250)
r(10,601,59,251)
r(7,594,59,251)
w(10,606,59,251)
r(8,604,49,252)
r(10,606,49,252)
r(10,606,54,253)
r(10,606,54,253)
w(10,609,54,253)
r(7,594,59,254)
w(7,614,59,254)
r(7,614,59,254)
r(10,609,49,255)
w(10,615,49,255)
r(6,598,49,255)
w(6,616,49,255)
r(7,614,35,256)
r(10,615,35,256)
w(10,640,35,256)
r(8,624,15,257)
w(8,582,15,257)
r(8,582,15,257)
r(7,614,40,258)
r(8,582,40,258)
w(8,642,40,258)
w(7,641,40,258)
r(7,641,15,259)
w(7,643,15,259)
r(7,643,35,260)
r(10,640,35,260)
w(10,646,35,260)
w(7,645,35,260)
r(10,646,40,261)
w(10,647,40,261)
r(8,642,40,261)
w(8,648,40,261)
r(7,645,40,262)
w(7,653,40,262)
r(8,648,35,263)
r(7,653,35,263)
w(7,652,35,263)
w(8,651,35,263)
r(6,616,15,264)
w(6,649,15,264)
r(10,647,15,264)
w(10,650,15,264)
r(8,651,40,265)
w(8,655,40,265)
r(8,655,35,266)
w(8,657,35,266)
r(8,657,40,267)
w(8,662,40,267)
r(8,662,40,267)
r(10,650,15,268)
r(7,652,15,268)
w(7,660,15,268)
w(10,659,15,268)
r(8,662,35,269)
w(8,664,35,269)
r(4,464,35,269)
r(7,660,40,270)
w(7,665,40,270)
r(6,649,15,271)
r(4,464,15,271)
w(6,668,15,271)
r(10,659,35,272)
r(8,664,35,272)
w(10,670,35,272)
r(8,664,40,273)
r(10,670,40,273)
w(10,672,40,273)
r(8,664,15,274)
w(8,674,15,274)
r(8,674,15,274)
r(10,672,35,275)
r(5,542,35,275)
w(5,676,35,275)
w(10,675,35,275)
r(8,674,40,276)
r(10,675,40,276)
w(8,678,40,276)
r(10,675,35,277)
r(5,676,35,277)
w(5,682,35,277)
r(7,665,15,278)
r(4,464,40,279)
r(4,464,40,279)
w(4,683,40,279)
r(8,678,15,280)
w(8,687,15,280)
r(10,675,15,280)
w(10,688,15,280)
r(5,682,35,281)
w(5,685,35,281)
r(7,665,40,282)
r(7,665,40,282)
w(7,689,40,282)
r(8,687,15,283)
w(8,692,15,283)
r(10,688,15,283)
r(8,692,40,284)
w(8,696,40,284)
r(10,688,40,284)
r(8,696,15,285)
r(7,689,15,285)
r(8,696,35,286)
r(10,688,35,286)
w(10,694,35,286)
w(8,693,35,286)
r(10,694,15,287)
r(8,700,15,287)
w(8,702,15,287)
r(5,685,40,288)
r(8,693,40,288)
w(5,699,40,288)
w(8,700,40,288)
r(8,702,35,289)
r(10,694,35,289)
w(10,704,35,289)
r(8,702,40,290)
r(10,704,40,290)
w(8,708,40,290)
r(6,668,15,291)
r(10,704,15,291)
w(10,706,15,291)
r(10,706,35,292)
r(8,708,35,292)
w(8,710,35,292)
w(10,709,35,292)
r(8,710,15,293)
r(8,710,15,293)
w(8,713,15,293)
r(6,668,40,294)
w(6,712,40,294)
r(10,709,40,294)
r(7,689,35,295)
r(10,709,35,295)
w(7,716,35,295)
r(10,720,35,296)
w(10,721,35,296)
r(8,713,35,296)
w(8,722,35,296)
r(10,709,40,297)
r(8,713,40,297)
w(10,720,40,297)
r(10,721,15,298)
r(7,716,15,298)
w(7,718,15,298)
r(10,721,35,299)
w(10,726,35,299)
r(8,722,35,299)
r(8,722,40,300)
r(7,718,40,300)
w(7,724,40,300)
w(8,723,40,300)
r(7,724,15,301)
r(10,726,15,301)
r(6,712,35,302)
w(6,730,35,302)
r(6,730,35,302)
r(4,683,40,303)
r(6,730,40,303)
w(6,732,40,303)
w(4,731,40,303)
r(8,723,35,304)
r(10,726,35,304)
w(10,736,35,304)
w(8,735,35,304)
r(10,736,40,305)
r(8,735,40,305)
w(10,737,40,305)
w(8,738,40,305)
r(8,738,15,306)
r(5,699,15,306)
r(6,732,40,307)
r(11,0,40,307)
r(6,732,35,308)
w(6,763,35,308)
r(10,737,35,308)
w(10,764,35,308)
r(10,764,15,309)
r(6,763,35,310)
r(6,763,40,311)
r(11,0,40,311)
w(6,769,40,311)
w(11,770,40,311)
r(11,770,15,312)
w(11,773,15,312)
r(11,773,40,313)
r(5,699,40,313)
w(11,775,40,313)
w(5,776,40,313)
r(10,764,15,314)
w(10,778,15,314)
r(11,775,15,314)
r(6,769,40,315)
w(6,782,40,315)
r(10,778,40,315)
r(10,778,15,316)
r(7,724,15,316)
w(10,784,15,316)
r(10,784,35,317)
w(10,779,35,317)
r(11,775,35,317)
w(11,780,35,317)
r(7,724,40,318)
r(10,779,40,318)
w(10,786,40,318)
r(10,786,15,319)
r(11,780,15,319)
w(11,788,15,319)
w(10,787,15,319)
r(6,782,35,320)
w(6,789,35,320)
r(11,788,35,320)
w(11,790,35,320)
r(11,790,40,321)
r(7,724,40,321)
w(7,792,40,321)
r(10,787,15,322)
w(10,793,15,322)
r(11,790,15,322)
w(11,794,15,322)
r(10,793,35,323)
r(7,792,35,323)
w(7,796,35,323)
w(10,795,35,323)
r(11,794,15,324)
r(10,798,15,324)
w(11,799,15,324)
w(10,800,15,324)
r(7,796,40,325)
r(10,795,40,325)
w(10,798,40,325)
w(7,797,40,325)
r(6,789,35,326)
r(5,776,35,326)
w(6,802,35,326)
r(11,799,15,327)
r(10,800,15,327)
w(11,805,15,327)
w(10,806,15,327)
r(7,797,35,328)
r(11,805,35,328)
w(11,808,35,328)
w(7,807,35,328)
r(7,807,40,329)
r(10,806,40,329)
w(7,803,40,329)
w(10,804,40,329)
r(11,808,15,330)
w(11,810,15,330)
r(11,810,15,330)
r(10,804,15,331)
r(10,804,35,332)
r(11,810,40,333)
r(10,804,40,333)
r(11,810,15,334)
r(3,486,15,334)
r(11,810,40,335)
r(10,804,40,335)
r(10,804,35,336)
r(10,804,15,337)
r(11,810,35,338)
w(11,826,35,338)
r(11,826,35,338)
r(10,804,40,339)
w(10,828,40,339)
r(10,828,40,339)
r(10,828,15,340)
w(10,830,15,340)
r(11,826,15,340)
r(5,776,40,341)
r(10,830,40,341)
w(10,834,40,341)
r(10,834,15,342)
w(10,835,15,342)
r(11,826,15,342)
w(11,836,15,342)
r(7,803,35,343)
w(7,832,35,343)
r(11,826,35,343)
r(11,836,40,344)
w(11,838,40,344)
r(11,838,40,344)
r(10,835,15,345)
w(10,839,15,345)
r(10,835,35,346)
r(11,838,35,346)
w(11,842,35,346)
r(10,839,40,347)
r(10,839,40,347)
w(10,843,40,347)
r(6,802,35,348)
w(6,847,35,348)
r(10,843,35,348)
w(10,848,35,348)
r(10,848,15,349)
w(10,846,15,349)
r(10,846,15,349)
r(6,847,40,350)
w(6,849,40,350)
r(7,832,40,350)
w(7,850,40,350)
r(10,846,35,351)
w(10,852,35,351)
r(11,842,35,351)
r(10,852,15,352)
r(11,842,35,353)
r(10,852,40,354)
r(11,842,15,355)
r(5,776,15,355)
w(11,859,15,355)
w(5,860,15,355)
r(7,850,35,356)
r(10,852,35,356)
w(7,861,35,356)
w(10,862,35,356)
r(10,862,40,357)
r(7,861,40,357)
w(7,864,40,357)
w(10,863,40,357)
r(10,863,15,358)
w(10,866,15,358)
r(10,866,15,358)
r(11,859,40,359)
w(11,870,40,359)
r(7,864,40,359)
r(10,866,15,360)
r(11,870,15,360)
w(11,872,15,360)
w(10,871,15,360)
r(10,871,35,361)
w(10,867,35,361)
r(11,872,35,361)
w(11,868,35,361)
r(7,864,40,362)
w(7,874,40,362)
r(10,867,40,362)
r(10,867,15,363)
w(10,875,15,363)
r(6,849,15,363)
w(6,876,15,363)
r(4,731,35,364)
r(10,875,35,364)
w(4,878,35,364)
r(5,860,40,365)
w(5,880,40,365)
r(10,875,40,365)
r(11,868,15,366)
r(5,880,15,366)
w(11,882,15,366)
r(11,882,35,367)
r(11,882,35,367)
w(11,883,35,367)
r(11,886,15,368)
r(10,875,40,369)
r(11,883,40,369)
w(11,886,40,369)
r(10,875,35,370)
w(10,889,35,370)
r(6,876,35,370)
w(6,890,35,370)
r(11,886,15,371)
r(10,889,15,371)
w(11,893,15,371)
w(10,894,15,371)
r(11,893,40,372)
r(11,893,40,372)
w(11,891,40,372)
r(4,878,15,373)
r(6,890,15,373)
w(4,897,15,373)
w(6,898,15,373)
r(5,880,35,374)
r(5,880,35,374)
w(5,895,35,374)
r(10,894,35,375)
w(10,903,35,375)
r(11,891,35,375)
w(11,904,35,375)
r(10,903,15,376)
r(11,904,15,376)
w(10,902,15,376)
r(4,897,97,377)
r(6,898,97,377)
w(4,916,97,377)
r(11,904,92,378)
r(11,904,102,379)
w(11,924,102,379)
r(11,924,102,379)
r(10,907,97,380)
w(10,935,97,380)
r(11,924,102,381)
w(11,938,102,381)
r(10,935,102,381)
r(10,935,97,382)
r(11,938,97,382)
w(10,940,97,382)
r(10,940,102,383)
r(11,938,102,383)
w(10,942,102,383)
r(10,942,97,384)
w(10,943,97,384)
r(10,943,92,385)
r(7,908,92,385)
w(10,933,92,385)
w(7,934,92,385)
r(10,933,102,386)
r(7,934,102,386)
w(7,946,102,386)
w(10,945,102,386)
r(11,938,97,387)
w(11,948,97,387)
r(11,948,97,387)
r(10,945,92,388)
r(7,946,92,388)
w(7,950,92,388)
w(10,949,92,388)
r(10,949,97,389)
w(10,954,97,389)
r(10,954,97,389)
r(11,948,92,390)
r(10,954,92,390)
w(10,956,92,390)
r(11,948,97,391)
r(10,956,97,391)
w(11,957,97,391)
w(10,958,97,391)
r(10,958,92,392)
r(6,898,92,392)
r(7,950,97,393)
r(11,957,102,394)
w(11,951,102,394)
r(10,958,102,394)
w(10,952,102,394)
r(7,950,92,395)
r(10,952,92,395)
w(10,964,92,395)
r(10,964,97,396)
w(10,965,97,396)
r(7,950,102,397)
w(7,968,102,397)
r(7,968,102,397)
r(5,895,92,398)
r(10,965,92,398)
r(4,916,102,399)
r(11,971,102,399)
w(4,976,102,399)
r(11,951,97,400)
w(11,971,97,400)
r(10,965,97,400)
w(10,972,97,400)
r(10,972,92,401)
r(7,968,92,401)
w(7,974,92,401)
r(7,974,102,402)
r(10,972,102,402)
w(7,980,102,402)
r(10,972,97,403)
w(10,978,97,403)
r(11,971,97,403)
r(7,980,92,404)
r(4,976,92,404)
w(4,982,92,404)
w(7,981,92,404)
r(7,981,97,405)
r(11,971,97,405)
r(10,978,92,406)
r(11,984,92,406)
w(10,988,92,406)
r(11,971,102,407)
w(11,984,102,407)
r(11,984,102,407)
r(10,988,97,408)
r(7,981,97,408)
w(10,990,97,408)
r(11,984,102,409)
w(11,993,102,409)
r(10,990,92,410)
r(11,993,92,410)
w(11,992,92,410)
r(6,898,102,411)
r(10,990,102,411)
w(6,996,102,411)
r(10,990,97,412)
w(10,998,97,412)
r(10,998,97,412)
r(6,996,92,413)
r(7,981,92,413)
w(7,1002,92,413)
w(6,1001,92,413)
r(10,998,102,414)
w(10,1005,102,414)
r(7,1002,102,414)
w(7,1006,102,414)
r(10,1005,97,415)
w(10,1010,97,415)
r(11,992,97,415)
r(7,1006,92,416)
w(7,1012,92,416)
r(7,1012,92,416)
r(7,1012,102,417)
r(10,1010,102,417)
w(10,1014,102,417)
w(7,1013,102,417)
r(10,1014,97,418)
w(10,1019,97,418)
r(4,982,97,418)
w(4,1020,97,418)
r(10,1019,92,419)
r(10,1019,92,419)
w(10,1025,92,419)
r(11,992,97,420)
r(7,1013,97,420)
r(6,1001,102,421)
w(6,1029,102,421)
r(10,1025,92,422)
r(10,1025,92,422)
w(10,1041,92,422)
r(11,992,97,423)
r(11,992,97,423)
w(11,1043,97,423)
r(7,1013,55,424)
w(7,999,55,424)
r(11,1050,30,425)
w(11,1008,30,425)
r(10,1049,30,425)
r(5,895,50,426)
w(5,1004,50,426)
r(5,1004,50,426)
r(10,1049,55,427)
r(11,1008,55,427)
w(10,1051,55,427)
w(11,1052,55,427)
r(7,999,30,428)
r(10,1051,30,428)
w(7,1054,30,428)
r(10,1051,50,429)
r(11,1052,50,429)
w(10,1056,50,429)
r(10,1056,55,430)
w(10,1057,55,430)
r(6,1029,55,430)
w(6,1058,55,430)
r(10,1057,30,431)
r(5,1004,30,431)
w(5,1060,30,431)
r(10,1057,50,432)
r(7,1054,50,432)
w(7,1062,50,432)
r(10,1057,55,433)
r(10,1057,30,434)
w(10,1063,30,434)
r(11,1052,50,435)
r(10,1063,50,435)
w(10,1068,50,435)
w(11,1067,50,435)
r(11,1067,55,436)
r(10,1068,55,436)
w(11,1070,55,436)
r(10,1068,30,437)
r(11,1070,30,437)
w(10,1071,30,437)
w(11,1072,30,437)
r(7,1062,55,438)
r(3,486,50,439)
r(10,1071,50,439)
w(3,1073,50,439)
w(10,1074,50,439)
r(4,1020,30,440)
w(4,1077,30,440)
r(10,1074,30,440)
w(10,1078,30,440)
r(5,1060,50,441)
r(10,1078,50,441)
w(5,1082,50,441)
r(10,1078,55,442)
w(10,1079,55,442)
r(7,1062,55,442)
w(7,1080,55,442)
r(10,1079,30,443)
r(5,1082,30,443)
w(10,1083,30,443)
w(5,1084,30,443)
r(10,1083,50,444)
w(10,1085,50,444)
r(5,1084,30,445)
w(5,1090,30,445)
r(10,1085,30,445)
r(10,1085,50,446)
w(10,1091,50,446)
r(11,1072,30,447)
w(11,1093,30,447)
r(10,1091,55,448)
r(6,1058,55,448)
w(6,1088,55,448)
w(10,1087,55,448)
r(10,1087,50,449)
r(11,1093,50,449)
w(11,1096,50,449)
w(10,1095,50,449)
r(4,1077,30,450)
r(10,1095,30,450)
w(4,1097,30,450)
w(10,1098,30,450)
r(10,1098,55,451)
w(10,1100,55,451)
r(11,1096,55,451)
r(1,526,50,452)
w(1,1102,50,452)
r(11,1096,50,452)
r(10,1100,55,453)
w(10,1127,55,453)
r(7,1080,55,453)
w(7,1128,55,453)
r(11,1096,30,454)
w(11,1130,30,454)
r(6,1088,30,454)
r(12,0,55,455)
r(11,1130,30,456)
w(11,1136,30,456)
r(7,1128,30,456)
r(10,1127,50,457)
r(7,1128,50,457)
w(10,1132,50,457)
r(7,1128,55,458)
r(5,1090,55,458)
w(5,1146,55,458)
r(12,0,30,459)
w(12,1137,30,459)
r(12,1137,50,460)
w(12,1139,50,460)
r(12,1139,30,461)
r(12,1139,30,461)
w(12,1153,30,461)
r(6,1088,55,462)
r(6,1088,55,462)
w(6,1151,55,462)
r(12,1153,50,463)
r(4,1097,50,463)
w(12,1160,50,463)
r(12,1160,30,464)
r(5,1146,30,464)
w(12,1162,30,464)
r(12,1162,55,465)
r(4,1097,55,465)
w(4,1164,55,465)
w(12,1163,55,465)
r(6,1151,50,466)
r(5,1146,50,466)
w(6,1165,50,466)
w(5,1166,50,466)
r(11,1136,30,467)
w(11,1167,30,467)
r(7,1128,55,468)
r(12,1163,50,469)
w(12,1170,50,469)
r(12,1170,50,469)
r(11,1167,55,470)
w(11,1176,55,470)
r(11,1176,55,470)
r(5,1166,50,471)
r(5,1166,50,471)
w(5,1177,50,471)
r(12,1170,30,472)
r(6,1165,30,472)
w(6,1172,30,472)
w(12,1171,30,472)
r(11,1176,50,473)
w(11,1188,50,473)
r(11,1188,50,473)
r(12,1171,55,474)
w(12,1184,55,474)
r(11,1188,55,474)
r(11,1188,30,475)
r(11,1188,30,475)
w(11,1189,30,475)
r(11,1189,50,476)
w(11,1195,50,476)
r(12,1184,55,477)
r(11,1195,55,477)
r(11,1195,30,478)
r(7,1128,30,478)
w(7,1202,30,478)
r(11,1195,50,479)
w(11,1204,50,479)
r(12,1184,50,479)
r(11,1204,55,480)
w(11,1206,55,480)
r(12,1184,55,480)
r(11,1206,30,481)
r(12,1184,30,481)
w(12,1208,30,481)
r(7,1202,55,482)
w(7,1211,55,482)
r(12,1208,50,483)
r(11,1206,50,483)
w(11,1210,50,483)
w(12,1209,50,483)
r(7,1211,30,484)
r(5,1177,30,484)
r(11,1210,55,485)
w(11,1216,55,485)
r(12,1209,55,485)
r(11,1216,30,486)
w(11,1220,30,486)
r(12,1209,30,486)
r(7,1211,55,487)
r(6,1172,55,487)
w(7,1222,55,487)
r(11,1220,50,488)
r(12,1209,50,488)
w(11,1217,50,488)
w(12,1218,50,488)
r(12,1218,30,489)
w(12,1224,30,489)
r(12,1224,30,489)
r(4,1164,55,490)
w(4,1225,55,490)
r(11,1217,50,491)
r(12,1224,30,492)
r(12,1224,30,492)
w(12,1229,30,492)
r(11,1217,55,493)
r(12,1229,55,493)
w(12,1232,55,493)
r(11,1217,30,494)
r(12,1232,30,494)
w(12,1236,30,494)
r(7,1222,50,495)
r(12,1232,50,495)
w(7,1234,50,495)
r(7,1234,55,496)
r(7,1234,55,496)
w(7,1237,55,496)
r(7,1237,50,497)
w(7,1239,50,497)
r(12,1236,50,497)
w(12,1240,50,497)
r(4,1225,55,498)
r(5,1177,55,498)
w(4,1243,55,498)
w(5,1244,55,498)
r(11,1323,188,499)
w(11,1325,188,499)
r(11,1294,178,500)
w(11,1323,178,500)
r(5,1244,178,501)
w(5,1342,178,501)
r(12,1292,178,501)
r(12,1292,183,502)
r(6,1296,188,503)
r(11,1325,188,503)
w(11,1340,188,503)
w(6,1339,188,503)
r(5,1342,188,504)
w(5,1344,188,504)
r(5,1344,188,504)
r(7,1293,178,505)
r(7,1293,178,505)
w(7,1345,178,505)
r(11,1340,183,506)
r(12,1292,183,506)
w(11,1347,183,506)
w(12,1348,183,506)
r(12,1348,188,507)
w(12,1350,188,507)
r(12,1350,188,507)
r(11,1347,178,508)
r(11,1347,178,508)
w(11,1351,178,508)
r(12,1350,183,509)
w(12,1354,183,509)
r(12,1354,183,509)
r(11,1351,188,510)
r(12,1354,188,510)
r(12,1354,178,511)
w(12,1357,178,511)
r(5,1344,188,512)
w(5,1361,188,512)
r(11,1351,188,512)
w(11,1362,188,512)
r(6,1339,178,513)
r(12,1357,178,513)
w(6,1363,178,513)
w(12,1364,178,513)
r(12,1364,183,514)
r(11,1362,183,514)
w(12,1360,183,514)
r(11,1362,188,515)
r(7,1345,188,515)
r(11,1362,178,516)
w(11,1367,178,516)
r(12,1360,183,517)
r(12,1360,183,517)
w(12,1369,183,517)
r(4,1243,188,518)
w(4,1372,188,518)
r(7,1345,188,518)
r(12,1369,183,519)
w(12,1376,183,519)
r(12,1376,183,519)
r(11,1367,178,520)
r(12,1376,178,520)
w(12,1374,178,520)
r(5,1361,188,521)
w(5,1377,188,521)
r(7,1345,178,522)
r(12,1374,188,523)
r(11,1367,188,523)
w(12,1384,188,523)
r(12,1384,178,524)
r(11,1367,178,524)
w(11,1386,178,524)
r(12,1384,188,525)
w(12,1388,188,525)
r(12,1388,188,525)
r(11,1386,178,526)
r(11,1386,178,526)
w(11,1389,178,526)
r(5,1377,183,527)
r(12,1388,183,527)
w(5,1379,183,527)
w(12,1380,183,527)
r(11,1389,188,528)
r(12,1380,188,528)
w(11,1391,188,528)
w(12,1392,188,528)
r(5,1379,178,529)
w(5,1394,178,529)
r(5,1394,178,529)
r(12,1392,183,530)
w(12,1396,183,530)
r(2,0,183,530)
r(5,1394,188,531)
r(12,1396,188,531)
w(5,1397,188,531)
w(12,1398,188,531)
r(11,1391,178,532)
r(5,1397,178,532)
w(11,1400,178,532)
r(7,1345,178,533)
r(3,1073,188,534)
r(11,1400,188,534)
w(3,1403,188,534)
w(11,1404,188,534)
r(12,1398,183,535)
w(12,1402,183,535)
r(12,1402,183,535)
r(7,1345,188,536)
w(7,1409,188,536)
r(11,1404,183,537)
w(11,1412,183,537)
r(12,1402,183,537)
r(4,1372,188,538)
r(12,1402,188,538)
w(4,1415,188,538)
w(12,1416,188,538)
r(6,1363,183,539)
w(6,1417,183,539)
r(12,1416,178,540)
r(11,1412,178,540)
w(11,1408,178,540)
r(7,1409,188,541)
w(7,1425,188,541)
r(7,1425,183,542)
w(7,1430,183,542)
r(7,1430,183,542)
r(7,1430,178,543)
w(7,1432,178,543)
r(7,1432,178,543)
r(11,1408,188,544)
r(12,1416,188,544)
w(12,1436,188,544)
w(11,1435,188,544)
r(7,1432,183,545)
w(7,1438,183,545)
r(7,1438,183,545)
r(12,1436,178,546)
w(12,1439,178,546)
r(12,1439,183,547)
r(7,1438,183,547)
w(12,1443,183,547)
w(7,1444,183,547)
r(6,1417,178,548)
r(11,1435,178,548)
w(6,1446,178,548)
r(12,1443,188,549)
r(7,1444,188,549)
w(12,1441,188,549)
w(7,1442,188,549)
r(12,1441,178,550)
r(11,1435,178,550)
w(12,1450,178,550)
r(12,1448,75,551)
r(6,1451,75,551)
w(6,1334,75,551)
w(12,1333,75,551)
r(7,1442,100,552)
r(11,1454,100,552)
w(7,1337,100,552)
w(11,1338,100,552)
r(12,1333,100,553)
r(5,1397,100,553)
w(5,1464,100,553)
w(12,1463,100,553)
r(7,1337,75,554)
r(11,1338,75,554)
w(11,1462,75,554)
w(7,1461,75,554)
r(12,1463,95,555)
w(12,1335,95,555)
r(11,1462,95,555)
w(11,1336,95,555)
r(12,1335,100,556)
w(12,1465,100,556)
r(4,1415,100,556)
w(4,1466,100,556)
r(5,1464,75,557)
w(5,1468,75,557)
r(5,1468,75,557)
r(6,1334,95,558)
r(12,1465,95,558)
w(12,1470,95,558)
r(12,1470,100,559)
r(11,1336,100,559)
w(11,1472,100,559)
w(12,1471,100,559)
r(7,1461,95,560)
r(7,1461,95,560)
w(7,1475,95,560)
r(12,1471,75,561)
r(6,1334,75,561)
w(6,1474,75,561)
r(11,1472,100,562)
r(12,1471,100,562)
r(12,1482,90,563)
r(12,1482,90,563)
w(12,1511,90,563)
r(11,1498,110,564)
r(11,1498,115,565)
w(11,1513,115,565)
r(12,1511,115,565)
w(12,1514,115,565)
r(12,1511,90,566)
r(12,1514,110,567)
r(11,1513,110,567)
w(12,1515,110,567)
w(11,1516,110,567)
r(7,1475,90,568)
w(7,1522,90,568)
r(7,1522,90,568)
r(11,1516,115,569)
w(11,1520,115,569)
r(12,1515,115,569)
r(6,1502,110,570)
r(12,1515,110,570)
r(12,1515,115,571)
w(12,1527,115,571)
r(11,1520,110,572)
w(11,1529,110,572)
r(7,1522,110,572)
w(7,1530,110,572)
r(12,1527,115,573)
w(12,1532,115,573)
r(12,1532,115,573)
r(11,1529,90,574)
r(12,1532,90,574)
w(12,1526,90,574)
r(7,1530,115,575)
w(7,1536,115,575)
r(7,1536,115,575)
r(7,1530,110,576)
r(13,0,110,576)
w(13,1534,110,576)
r(12,1526,90,577)
r(12,1526,90,577)
w(12,1537,90,577)
r(6,1502,115,578)
r(12,1537,115,578)
w(6,1542,115,578)
r(12,1537,110,579)
r(12,1537,110,579)
w(12,1539,110,579)
r(5,1468,90,580)
r(12,1539,90,580)
w(12,1544,90,580)
w(5,1543,90,580)
r(13,1534,110,581)
r(12,1544,110,581)
w(12,1546,110,581)
w(13,1545,110,581)
r(12,1546,90,582)
r(12,1546,90,582)
w(12,1549,90,582)
r(12,1549,110,583)
r(12,1549,90,584)
r(13,1545,90,584)
w(12,1554,90,584)
r(13,1545,90,585)
r(13,1545,90,585)
w(13,1557,90,585)
r(12,1554,90,586)
r(6,1542,90,586)
r(12,1554,115,587)
r(5,1543,115,587)
w(5,1548,115,587)
w(12,1547,115,587)
r(12,1547,110,588)
r(13,1557,110,588)
w(12,1555,110,588)
w(13,1556,110,588)
r(12,1555,90,589)
r(12,1555,90,589)
w(12,1561,90,589)
r(13,1556,115,590)
w(13,1563,115,590)
r(13,1563,110,591)
r(7,1536,90,592)
r(12,1561,90,592)
w(7,1568,90,592)
r(5,1548,115,593)
w(5,1570,115,593)
r(12,1561,115,593)
r(14,0,110,594)
w(14,1572,110,594)
r(12,1561,110,594)
r(6,1542,115,595)
w(6,1576,115,595)
r(12,1561,115,595)
r(14,1572,90,596)
w(14,1573,90,596)
r(13,1563,110,597)
r(12,1561,110,597)
w(12,1578,110,597)
r(6,1576,90,598)
r(14,1573,90,598)
w(14,1582,90,598)
w(6,1581,90,598)
r(13,1563,115,599)
r(12,1578,115,599)
r(6,1581,110,600)
w(6,1583,110,600)
r(14,1582,110,600)
w(14,1584,110,600)
r(12,1578,90,601)
r(12,1578,90,601)
w(12,1585,90,601)
r(12,1585,115,602)
w(12,1587,115,602)
r(13,1563,115,602)
w(13,1588,115,602)
r(13,1588,110,603)
w(13,1589,110,603)
r(14,1584,90,604)
w(14,1592,90,604)
r(14,1592,90,604)
r(13,1589,115,605)
r(13,1589,115,605)
w(13,1593,115,605)
r(14,1592,110,606)
w(14,1596,110,606)
r(13,1593,110,606)
r(14,1596,90,607)
r(4,1466,90,607)
w(4,1600,90,607)
w(14,1599,90,607)
r(6,1583,110,608)
r(12,1587,110,608)
w(6,1606,110,608)
r(6,1606,90,609)
r(12,1587,90,609)
w(6,1612,90,609)
r(13,1593,115,610)
w(13,1601,115,610)
r(14,1599,115,610)
w(14,1602,115,610)
r(6,1612,110,611)
w(6,1614,110,611)
r(6,1614,110,611)
r(14,1602,90,612)
w(14,1617,90,612)
r(6,1614,115,613)
w(6,1622,115,613)
r(6,1622,115,613)
r(12,1587,110,614)
r(13,1601,110,614)
r(12,1587,90,615)
r(12,1587,90,615)
w(12,1623,90,615)
r(13,1601,115,616)
r(12,1623,115,616)
w(13,1627,115,616)
w(12,1628,115,616)
r(13,1627,90,617)
w(13,1632,90,617)
r(12,1628,90,617)
r(14,1630,115,618)
w(14,1634,115,618)
r(6,1622,115,618)
r(5,1570,110,619)
r(14,1617,110,619)
w(14,1630,110,619)
w(5,1629,110,619)
r(12,1628,90,620)
w(12,1635,90,620)
r(13,1632,110,621)
r(12,1635,110,621)
w(12,1640,110,621)
r(6,1622,90,622)
r(14,1634,90,622)
r(12,1640,110,623)
w(12,1645,110,623)
r(13,1632,90,624)
r(12,1640,90,624)
w(13,1648,90,624)
r(12,1645,110,625)
r(12,1645,110,625)
w(12,1649,110,625)
r(12,1649,90,626)
r(14,1634,90,626)
r(14,1634,115,627)
w(14,1637,115,627)
r(12,1649,115,627)
w(12,1638,115,627)
r(5,1629,90,628)
r(12,1638,90,628)
w(12,1660,90,628)
r(12,1638,110,629)
r(13,1648,110,629)
w(13,1662,110,629)
r(6,1622,115,630)
w(6,1664,115,630)
r(12,1660,115,630)
r(13,1662,90,631)
r(6,1664,90,631)
w(13,1665,90,631)
w(6,1666,90,631)
r(14,1637,110,632)
r(12,1660,110,632)
w(14,1671,110,632)
w(12,1672,110,632)
r(4,1600,115,633)
w(4,1674,115,633)
r(12,1672,115,633)
r(5,1629,90,634)
w(5,1675,90,634)
r(13,1665,110,635)
r(12,1672,110,635)
w(13,1678,110,635)
r(6,1666,110,636)
r(14,1671,115,637)
r(12,1672,115,637)
w(12,1680,115,637)
r(14,1671,90,638)
w(14,1682,90,638)
r(12,1672,90,638)
r(14,1682,90,639)
w(14,1688,90,639)
r(12,1680,90,639)
r(14,1688,115,640)
w(14,1689,115,640)
r(13,1678,115,640)
w(13,1690,115,640)
r(12,1680,110,641)
w(12,1685,110,641)
r(6,1666,110,641)
w(6,1686,110,641)
r(14,1689,90,642)
r(13,1690,90,642)
r(13,1690,115,643)
r(13,1690,115,643)
w(13,1695,115,643)
r(13,1690,110,644)
r(12,1685,110,644)
w(12,1694,110,644)
r(14,1689,90,645)
r(6,1686,90,645)
r(12,1694,115,646)
w(12,1700,115,646)
r(12,1700,115,646)
r(12,1700,110,647)
w(12,1702,110,647)
r(13,1695,110,647)
r(12,1702,90,648)
w(12,1703,90,648)
r(13,1695,110,649)
r(13,1695,110,649)
w(13,1707,110,649)
r(14,1689,90,650)
r(13,1707,115,651)
w(13,1705,115,651)
r(12,1703,115,651)
w(12,1706,115,651)
r(5,1675,110,652)
r(14,1689,110,652)
w(14,1712,110,652)
w(5,1711,110,652)
r(12,1706,90,653)
w(12,1713,90,653)
r(12,1713,110,654)
r(13,1705,115,655)
w(13,1715,115,655)
r(2,0,90,656)
r(13,1715,90,656)
w(13,1720,90,656)
r(14,1712,90,657)
w(14,1726,90,657)
r(12,1713,90,657)
r(13,1720,115,658)
w(13,1724,115,658)
r(12,1713,115,658)
r(14,1712,110,659)
r(5,1711,110,659)
r(13,1724,110,660)
w(13,1727,110,660)
r(12,1713,115,661)
w(12,1730,115,661)
r(12,1730,115,661)
r(13,1727,90,662)
w(13,1732,90,662)
r(6,1686,90,662)
r(12,1730,110,663)
r(12,1730,110,663)
w(12,1733,110,663)
r(12,1733,115,664)
r(13,1732,115,664)
w(12,1735,115,664)
w(13,1736,115,664)
r(13,1736,90,665)
w(13,1738,90,665)
r(12,1735,90,665)
r(12,1735,110,666)
r(13,1738,110,666)
w(12,1740,110,666)
r(13,1738,115,667)
r(12,1740,115,667)
w(13,1742,115,667)
r(12,1740,90,668)
r(5,1711,90,668)
w(12,1743,90,668)
w(5,1744,90,668)
r(12,1743,110,669)
r(14,1726,110,669)
w(12,1745,110,669)
w(14,1746,110,669)
r(13,1742,90,670)
r(13,1742,90,670)
w(13,1747,90,670)
r(5,1744,115,671)
w(5,1749,115,671)
r(12,1745,115,671)
w(12,1750,115,671)
r(12,1750,110,672)
r(12,1750,110,672)
w(12,1751,110,672)
r(12,1751,90,673)
r(13,1747,90,673)
w(13,1754,90,673)
r(12,1751,115,674)
w(12,1755,115,674)
r(13,1754,115,674)
w(13,1756,115,674)
r(12,1755,110,675)
w(12,1757,110,675)
r(5,1749,110,675)
w(5,1758,110,675)
r(12,1757,115,676)
r(14,1746,115,676)
w(12,1760,115,676)
r(13,1756,90,677)
w(13,1762,90,677)
r(13,1762,90,677)
r(12,1760,110,678)
w(12,1764,110,678)
r(5,1758,110,678)
r(13,1762,115,679)
w(13,1766,115,679)
r(12,1764,115,679)
r(14,1746,90,680)
w(14,1768,90,680)
r(12,1764,90,680)
r(13,1766,110,681)
r(12,1764,110,681)
w(12,1770,110,681)
w(13,1769,110,681)
r(13,1769,115,682)
r(12,1770,115,682)
w(13,1772,115,682)
r(5,1758,110,683)
r(14,1774,110,683)
w(5,1775,110,683)
w(14,1776,110,683)
r(12,1770,90,684)
r(14,1768,90,684)
w(14,1774,90,684)
w(12,1773,90,684)
r(13,1772,115,685)
w(13,1778,115,685)
r(12,1773,115,685)
r(13,1778,115,686)
w(13,1783,115,686)
r(12,1782,115,686)
w(12,1784,115,686)
r(6,1686,90,687)
r(12,1773,90,687)
w(12,1782,90,687)
w(6,1781,90,687)
r(14,1776,110,688)
w(14,1780,110,688)
r(12,1773,110,688)
r(6,1781,110,689)
w(6,1785,110,689)
r(6,1785,90,690)
w(6,1790,90,690)
r(14,1780,90,690)
r(14,1780,115,691)
r(13,1783,115,691)
w(13,1788,115,691)
w(14,1787,115,691)
r(12,1784,110,692)
w(12,1791,110,692)
r(13,1788,110,692)
w(13,1792,110,692)
r(15,0,90,693)
r(13,1792,90,693)
r(15,0,110,694)
w(15,1798,110,694)
r(15,1798,110,694)
r(6,1790,90,695)
r(15,1798,90,695)
w(6,1800,90,695)
r(4,1674,115,696)
r(13,1792,115,696)
w(13,1796,115,696)
r(15,1798,90,697)
w(15,1802,90,697)
r(13,1796,90,697)
r(15,1802,110,698)
r(15,1802,110,698)
w(15,1805,110,698)
r(13,1796,115,699)
r(15,1805,115,699)
w(13,1803,115,699)
w(15,1804,115,699)
r(14,1787,90,700)
r(14,1787,110,701)
r(13,1803,110,701)
w(13,1810,110,701)
r(15,1804,90,702)
w(15,1811,90,702)
r(15,1811,110,703)
r(13,1810,115,704)
r(15,1811,115,704)
w(15,1814,115,704)
w(13,1813,115,704)
r(15,1811,90,705)
r(5,1775,110,706)
r(14,1787,90,707)
r(15,1814,90,707)
r(13,1813,115,708)
r(14,1787,115,708)
w(14,1822,115,708)
r(6,1800,110,709)
r(13,1813,110,709)
w(6,1825,110,709)
w(13,1826,110,709)
r(15,1814,90,710)
r(15,1814,110,711)
r(13,1826,110,711)
w(13,1832,110,711)
r(15,1814,115,712)
r(13,1832,115,712)
w(13,1828,115,712)
w(15,1827,115,712)
r(13,1828,110,713)
r(15,1827,110,713)
r(13,1828,90,714)
r(15,1827,90,714)
w(13,1833,90,714)
w(15,1834,90,714)
r(15,1834,115,715)
w(15,1838,115,715)
r(15,1838,115,715)
r(13,1833,110,716)
r(13,1833,110,716)
w(13,1839,110,716)
r(13,1839,90,717)
r(15,1838,90,717)
w(15,1842,90,717)
r(3,1403,110,718)
r(14,1822,110,718)
w(14,1846,110,718)
w(3,1845,110,718)
r(13,1839,90,719)
r(14,1846,90,719)
w(14,1848,90,719)
r(15,1842,115,720)
r(13,1839,115,720)
w(15,1843,115,720)
w(13,1844,115,720)
r(6,1825,110,721)
r(13,1844,110,721)
w(13,1850,110,721)
w(6,1849,110,721)
r(15,1843,90,722)
r(6,1849,90,722)
w(6,1852,90,722)
r(15,1843,115,723)
r(13,1850,115,723)
w(15,1854,115,723)
r(14,1848,90,724)
r(13,1850,90,724)
w(14,1857,90,724)
w(13,1858,90,724)
r(15,1854,115,725)
w(15,1859,115,725)
r(13,1858,115,725)
w(13,1860,115,725)
r(15,1859,110,726)
w(15,1855,110,726)
r(14,1857,110,726)
w(14,1856,110,726)
r(4,1674,90,727)
w(4,1862,90,727)
r(4,1862,90,727)
r(13,1860,115,728)
r(14,1856,115,728)
w(14,1864,115,728)
w(13,1863,115,728)
r(13,1863,110,729)
r(15,1855,110,729)
w(15,1866,110,729)
w(13,1865,110,729)
r(13,1865,115,730)
w(13,1870,115,730)
r(13,1870,115,730)
r(15,1866,90,731)
r(13,1870,90,731)
w(13,1868,90,731)
r(6,1852,115,732)
r(15,1872,115,732)
w(6,1874,115,732)
r(15,1866,110,733)
w(15,1872,110,733)
r(15,1872,110,733)
r(15,1872,90,734)
r(13,1868,90,734)
w(13,1876,90,734)
w(15,1875,90,734)
r(14,1864,115,735)
r(14,1864,110,736)
w(14,1877,110,736)
r(13,1876,110,736)
w(13,1878,110,736)
r(14,1877,90,737)
w(14,1882,90,737)
r(13,1878,90,737)
r(13,1878,115,738)
w(13,1883,115,738)
r(14,1882,115,738)
w(14,1884,115,738)
r(13,1883,110,739)
w(13,1885,110,739)
r(13,1885,115,740)
r(13,1885,115,740)
w(13,1887,115,740)
r(14,1884,130,741)
r(15,1894,125,742)
r(14,1884,125,742)
r(6,1874,105,743)
r(13,1889,105,743)
w(6,1919,105,743)
w(13,1920,105,743)
r(15,1894,125,744)
w(15,1951,125,744)
r(13,1920,125,744)
w(13,1952,125,744)
r(14,1884,130,745)
r(6,1919,130,745)
w(6,1950,130,745)
w(14,1949,130,745)
r(15,1951,105,746)
w(15,1953,105,746)
r(6,1956,130,747)
r(13,1952,130,747)
w(6,1957,130,747)
w(13,1958,130,747)
r(15,1953,125,748)
r(6,1950,125,748)
w(6,1956,125,748)
r(13,1958,130,749)
w(13,1962,130,749)
r(13,1962,130,749)
r(6,1957,105,750)
r(15,1953,105,750)
w(6,1959,105,750)
w(15,1960,105,750)
r(15,1960,125,751)
r(13,1958,125,751)
w(15,1964,125,751)
r(13,1962,130,752)
r(13,1962,130,752)
w(13,1965,130,752)
r(14,1949,105,753)
w(14,1967,105,753)
r(15,1964,105,753)
w(15,1968,105,753)
r(13,1965,125,754)
r(4,1893,130,755)
r(13,1965,130,755)
w(13,1972,130,755)
w(4,1971,130,755)
r(13,1972,105,756)
w(13,1973,105,756)
r(15,1968,105,756)
w(15,1974,105,756)
r(13,1973,125,757)
r(15,1974,125,757)
w(15,1976,125,757)
r(15,1976,130,758)
r(6,1959,105,759)
w(6,1980,105,759)
r(6,1980,105,759)
r(15,1976,125,760)
w(15,1981,125,760)
r(14,1967,125,760)
w(14,1982,125,760)
r(15,1981,130,761)
r(15,1981,130,761)
w(15,1983,130,761)
r(15,1983,105,762)
w(15,1986,105,762)
r(6,1980,105,762)
r(15,1986,125,763)
r(15,1986,130,764)
r(14,1982,130,764)
w(14,1990,130,764)
r(15,1986,105,765)
r(6,1980,105,765)
w(6,1992,105,765)
w(15,1991,105,765)
r(15,1991,125,766)
r(15,1991,130,767)
w(15,1995,130,767)
r(13,1973,130,767)
w(13,1996,130,767)
r(15,1995,105,768)
w(15,1998,105,768)
r(15,1998,105,768)
r(15,2000,130,769)
r(15,1998,125,770)
r(13,1996,125,770)
w(15,2000,125,770)
r(14,1990,105,771)
r(15,2000,105,771)
w(15,2004,105,771)
r(13,1996,130,772)
r(15,2004,130,772)
w(15,2006,130,772)
w(13,2005,130,772)
r(13,2005,105,773)
w(13,2010,105,773)
r(15,2006,105,773)
r(13,2010,125,774)
r(5,1775,125,774)
w(13,2008,125,774)
r(6,1992,105,775)
r(15,2006,105,775)
w(15,2014,105,775)
w(6,2013,105,775)
r(15,2014,125,776)
r(13,2008,125,776)
w(15,2016,125,776)
r(13,2012,125,777)
r(14,1990,125,777)
r(6,2013,105,778)
r(15,2016,105,778)
r(13,2008,130,779)
r(15,2016,130,779)
w(13,2012,130,779)
r(14,1990,125,780)
w(14,2024,125,780)
r(13,2012,125,780)
r(13,2012,130,781)
r(13,2012,130,781)
w(13,2025,130,781)
r(13,2028,130,782)
r(15,2016,130,782)
w(15,2030,130,782)
w(13,2029,130,782)
r(13,2025,125,783)
w(13,2028,125,783)
r(5,1775,125,783)
r(14,2024,105,784)
r(13,2029,105,784)
w(13,2022,105,784)
w(14,2021,105,784)
r(13,2022,130,785)
r(13,2022,105,786)
w(13,2035,105,786)
r(15,2030,105,786)
w(15,2036,105,786)
r(6,2013,125,787)
w(6,2033,125,787)
r(15,2036,130,788)
w(15,2038,130,788)
r(15,2038,130,788)
r(14,2021,105,789)
w(14,2039,105,789)
r(13,2035,105,789)
w(13,2040,105,789)
r(15,2038,130,790)
r(13,2040,130,790)
r(14,2039,125,791)
r(6,2033,125,791)
w(6,2042,125,791)
w(14,2041,125,791)
r(15,2038,105,792)
w(15,2046,105,792)
r(6,2033,105,792)
r(14,2041,130,793)
r(14,2041,130,793)
w(14,2047,130,793)
r(14,2047,125,794)
w(14,2049,125,794)
r(15,2046,130,795)
w(15,2054,130,795)
r(15,2054,130,795)
r(5,2052,125,796)
w(5,2055,125,796)
r(6,2042,105,797)
r(5,1775,105,797)
w(6,2051,105,797)
w(5,2052,105,797)
r(5,2055,130,798)
w(5,2060,130,798)
r(5,2060,130,798)
r(15,2054,125,799)
r(13,2040,105,800)
r(15,2054,105,800)
w(13,2061,105,800)
w(15,2062,105,800)
r(15,2062,125,801)
r(6,2051,125,801)
w(6,2068,125,801)
r(15,2062,130,802)
r(14,2049,130,802)
w(14,2064,130,802)
w(15,2063,130,802)
r(14,2064,105,803)
w(14,2065,105,803)
r(6,2068,130,804)
w(6,2072,130,804)
r(15,2063,130,804)
r(14,2065,125,805)
r(15,2063,125,805)
w(14,2070,125,805)
r(13,2061,130,806)
r(15,2063,130,806)
w(13,2076,130,806)
r(13,2076,125,807)
w(13,2077,125,807)
r(14,2070,130,808)
r(15,2063,130,808)
w(14,2079,130,808)
w(15,2080,130,808)
r(13,2077,125,809)
w(13,2082,125,809)
r(13,2082,125,809)
r(14,2079,105,810)
r(13,2082,105,810)
w(14,2073,105,810)
w(13,2074,105,810)
r(6,2072,130,811)
w(6,2084,130,811)
r(6,2084,130,811)
r(13,2074,125,812)
r(1,1265,125,812)
r(6,2084,105,813)
r(2,0,105,813)
w(2,2088,105,813)
r(5,2060,130,814)
r(15,2080,130,814)
w(5,2090,130,814)
r(15,2080,125,815)
r(5,2090,125,815)
w(5,2092,125,815)
r(13,2074,105,816)
r(1,1265,130,817)
r(6,2084,130,817)
w(6,2096,130,817)
r(2,2088,105,818)
r(13,2074,105,818)
w(13,2100,105,818)
w(2,2099,105,818)
r(4,1971,125,819)
w(4,2098,125,819)
r(4,2098,125,819)
r(15,2080,130,820)
w(15,2102,130,820)
r(15,2102,130,820)
r(13,2100,125,821)
r(15,2102,105,822)
w(15,2103,105,822)
r(5,2092,105,822)
w(5,2104,105,822)
r(13,2100,130,823)
r(13,2100,130,823)
w(13,2107,130,823)
r(6,2096,125,824)
r(6,2096,125,824)
w(6,2109,125,824)
r(6,2109,105,825)
w(6,2112,105,825)
r(6,2112,105,825)
r(13,2107,125,826)
r(4,2098,130,827)
r(15,2103,130,827)
w(15,2114,130,827)
w(4,2113,130,827)
r(13,2107,105,828)
w(13,2118,105,828)
r(13,2118,105,828)
r(15,2114,105,829)
r(13,2118,125,830)
r(13,2118,125,830)
w(13,2119,125,830)
r(14,2073,130,831)
w(14,2121,130,831)
r(13,2119,105,832)
r(13,2119,105,832)
w(13,2125,105,832)
r(15,2114,130,833)
r(5,2104,105,834)
r(13,2125,130,835)
w(13,2132,130,835)
r(15,2114,130,835)
r(14,2121,105,836)
w(14,2140,105,836)
r(15,2114,105,836)
r(14,2140,125,837)
r(13,2132,125,837)
w(14,2127,125,837)
w(13,2128,125,837)
r(15,2114,130,838)
w(15,2145,130,838)
r(5,2104,105,839)
w(5,2149,105,839)
r(15,2145,125,840)
r(5,2149,125,840)
w(5,2154,125,840)
w(15,2153,125,840)
r(13,2128,130,841)
w(13,2156,130,841)
r(14,2127,130,841)
r(15,2153,105,842)
w(15,2158,105,842)
r(13,2156,105,842)
r(15,2158,125,843)
r(14,2127,125,843)
w(14,2160,125,843)
r(13,2156,130,844)
r(15,2158,130,844)
r(6,2112,105,845)
r(15,2158,105,845)
w(15,2164,105,845)
w(6,2163,105,845)
r(6,2163,125,846)
r(15,2164,125,846)
w(6,2165,125,846)
w(15,2166,125,846)
r(15,2166,105,847)
w(15,2171,105,847)
r(14,2160,130,848)
w(14,2170,130,848)
r(14,2170,130,848)
r(14,2170,125,849)
w(14,2174,125,849)
r(15,2171,125,849)
r(13,2156,105,850)
w(13,2175,105,850)
r(6,2165,125,851)
r(15,2171,125,851)
w(15,2182,125,851)
w(6,2181,125,851)
r(13,2175,130,852)
r(15,2182,130,852)
w(13,2178,130,852)
r(15,2182,105,853)
w(15,2186,105,853)
r(13,2178,105,853)
r(15,2186,105,854)
w(15,2198,105,854)
r(13,2193,105,854)
r(13,2178,125,855)
r(13,2178,125,855)
w(13,2193,125,855)
r(13,2193,130,856)
r(15,2198,130,856)
w(15,2196,130,856)
w(13,2195,130,856)
r(14,2174,105,857)
r(15,2196,105,857)
w(15,2200,105,857)
r(13,2195,125,858)
r(13,2195,130,859)
r(15,2200,130,859)
w(15,2204,130,859)
r(6,2181,125,860)
w(6,2207,125,860)
r(15,2204,105,861)
r(15,2204,105,861)
w(15,2205,105,861)
r(14,2174,130,862)
r(15,2205,130,862)
w(14,2210,130,862)
r(13,2195,125,863)
w(13,2211,125,863)
r(13,2211,105,864)
r(13,2211,105,864)
w(13,2213,105,864)
r(15,2205,130,865)
w(15,2215,130,865)
r(15,2218,105,866)
r(13,2213,105,866)
w(13,2220,105,866)
w(15,2219,105,866)
r(15,2215,125,867)
r(14,2210,125,867)
w(15,2218,125,867)
r(15,2219,130,868)
w(15,2221,130,868)
r(13,2220,130,868)
w(13,2222,130,868)
r(15,2221,105,869)
r(14,2210,105,869)
r(13,2222,125,870)
r(15,2221,125,870)
w(13,2240,125,870)
r(14,2210,130,871)
w(14,2241,130,871)
r(13,2240,105,872)
r(6,2207,130,873)
w(6,2243,130,873)
r(15,2221,130,873)
w(15,2244,130,873)
r(15,2244,105,874)
r(15,2244,105,874)
w(15,2255,105,874)
r(5,2154,130,875)
r(13,2240,130,875)
w(13,2260,130,875)
r(15,2255,125,876)
w(15,2248,125,876)
r(14,2241,125,876)
r(13,2260,105,877)
r(15,2248,105,877)
w(13,2263,105,877)
w(15,2264,105,877)
r(14,2241,125,878)
r(13,2263,125,878)
w(13,2268,125,878)
r(15,2264,105,879)
r(13,2268,105,879)
w(15,2270,105,879)
r(15,2270,130,880)
r(15,2270,130,880)
w(15,2265,130,880)
r(13,2268,125,881)
w(13,2271,125,881)
r(15,2265,125,881)
w(15,2272,125,881)
r(15,2272,130,882)
r(14,2241,130,882)
r(14,2241,105,883)
r(14,2241,105,883)
w(14,2275,105,883)
r(14,2275,125,884)
r(15,2272,125,884)
r(13,2271,130,885)
w(13,2279,130,885)
r(4,2113,105,886)
w(4,2282,105,886)
r(14,2275,105,886)
r(15,2272,125,887)
w(15,2283,125,887)
r(13,2279,130,888)
w(13,2285,130,888)
r(3,1845,130,888)
w(3,2286,130,888)
r(14,2275,105,889)
w(14,2287,105,889)
r(14,2275,125,890)
r(15,2283,125,890)
r(13,2285,130,891)
w(13,2291,130,891)
r(15,2283,130,891)
w(15,2292,130,891)
r(13,2291,105,892)
r(6,2243,105,892)
r(14,2287,125,893)
r(15,2292,125,893)
w(14,2296,125,893)
r(13,2291,130,894)
r(13,2291,130,894)
w(13,2297,130,894)
r(15,2292,105,895)
w(15,2299,105,895)
r(14,2296,105,895)
w(14,2300,105,895)
r(3,2286,130,896)
r(15,2299,130,896)
w(15,2304,130,896)
r(14,2300,125,897)
r(15,2304,125,897)
w(15,2302,125,897)
r(15,2302,130,898)
w(15,2307,130,898)
r(13,2297,130,898)
w(13,2308,130,898)
r(15,2307,125,899)
r(13,2308,125,899)
w(15,2310,125,899)
r(15,2310,130,900)
w(15,2311,130,900)
r(13,2308,130,900)
w(13,2312,130,900)
r(15,2311,105,901)
w(15,2305,105,901)
r(6,2243,105,901)
w(6,2306,105,901)
r(14,2300,125,902)
w(14,2313,125,902)
r(5,2154,125,902)
w(5,2314,125,902)
r(15,2305,130,903)
w(15,2316,130,903)
r(14,2313,130,903)
r(14,2313,105,904)
r(15,2316,125,905)
r(14,2313,125,905)
w(15,2320,125,905)
r(15,2320,130,906)
w(15,2321,130,906)
r(14,2313,125,907)
r(15,2321,125,907)
r(15,2321,105,908)
r(16,0,105,908)
r(15,2321,130,909)
w(15,2328,130,909)
r(16,0,130,909)
r(16,0,125,910)
w(16,2329,125,910)
r(16,2329,105,911)
r(15,2328,105,911)
w(16,2331,105,911)
w(15,2332,105,911)
r(16,2334,264,912)
r(16,2334,264,912)
w(16,2341,264,912)
r(5,2314,269,913)
w(5,2345,269,913)
r(16,2341,269,913)
w(16,2346,269,913)
r(15,2332,259,914)
w(15,2344,259,914)
r(15,2344,259,914)
r(16,2346,259,915)
r(15,2344,259,915)
w(15,2354,259,915)
w(16,2353,259,915)
r(1,1265,269,916)
r(16,2353,264,917)
r(15,2354,264,917)
w(15,2356,264,917)
r(4,2282,259,918)
w(4,2366,259,918)
r(4,2366,259,918)
r(16,2353,269,919)
r(16,2353,269,919)
w(16,2367,269,919)
r(14,2338,269,920)
r(15,2356,269,920)
w(15,2378,269,920)
w(14,2377,269,920)
r(15,2378,259,921)
w(15,2375,259,921)
r(16,2367,259,921)
w(16,2376,259,921)
r(15,2356,264,922)
r(16,2367,264,922)
r(5,2345,264,923)
w(5,2384,264,923)
r(14,2377,264,923)
r(6,2306,269,924)
r(16,2376,269,924)
w(6,2379,269,924)
w(16,2380,269,924)
r(16,2380,259,925)
r(15,2375,259,925)
w(15,2382,259,925)
r(14,2377,264,926)
r(5,2384,264,926)
w(5,2386,264,926)
r(14,2377,269,927)
w(14,2388,269,927)
r(16,2380,269,927)
r(16,2380,264,928)
r(6,2379,259,929)
r(14,2388,259,929)
w(14,2390,259,929)
r(5,2386,269,930)
w(5,2394,269,930)
r(5,2394,269,930)
r(15,2382,264,931)
w(15,2395,264,931)
r(16,2380,259,932)
r(3,2286,259,932)
w(16,2398,259,932)
r(15,2402,276,933)
r(4,2366,276,933)
w(15,2339,276,933)
w(4,2340,276,933)
r(15,2402,301,934)
r(16,2400,301,934)
r(15,2402,311,935)
r(15,2339,276,936)
r(16,2400,276,936)
w(15,2412,276,936)
r(16,2400,311,937)
w(16,2413,311,937)
r(14,2401,301,938)
w(14,2416,301,938)
r(6,2379,301,938)
r(5,2394,276,939)
r(15,2412,301,940)
r(15,2412,311,941)
r(15,2412,311,941)
w(15,2419,311,941)
r(5,2394,311,942)
r(16,2413,311,942)
r(6,2379,276,943)
r(15,2419,276,943)
w(6,2424,276,943)
r(15,2419,311,944)
r(16,2413,276,945)
r(16,2413,276,945)
w(16,2431,276,945)
r(6,2424,301,946)
r(15,2419,301,946)
w(15,2426,301,946)
w(6,2425,301,946)
r(14,2416,311,947)
r(14,2416,311,947)
w(14,2433,311,947)
r(16,2431,276,948)
r(14,2433,276,948)
w(14,2436,276,948)
w(16,2435,276,948)
r(16,2431,311,949)
r(16,2435,301,950)
w(16,2440,301,950)
r(6,2425,301,950)
r(16,2440,276,951)
w(16,2441,276,951)
r(14,2436,311,952)
r(14,2436,311,952)
w(14,2443,311,952)
r(15,2426,301,953)
w(15,2446,301,953)
r(15,2446,301,953)
r(16,2441,276,954)
r(15,2446,276,954)
w(15,2448,276,954)
w(16,2447,276,954)
r(15,2448,311,955)
w(15,2449,311,955)
r(16,2447,311,955)
w(16,2450,311,955)
r(15,2449,301,956)
r(16,2450,301,956)
r(15,2449,276,957)
w(15,2454,276,957)
r(16,2450,276,957)
r(16,2450,311,958)
r(14,2443,311,958)
r(16,2450,301,959)
r(14,2443,301,959)
w(14,2458,301,959)
r(15,2454,311,960)
r(15,2460,301,961)
r(16,2450,301,961)
w(15,2464,301,961)
r(4,2340,276,962)
w(4,2459,276,962)
r(15,2454,276,962)
w(15,2460,276,962)
r(17,0,311,963)
r(14,2458,311,963)
w(14,2466,311,963)
r(17,0,301,964)
r(5,2394,276,965)
r(16,2450,276,965)
w(5,2470,276,965)
r(14,2466,311,966)
w(14,2471,311,966)
r(17,0,301,967)
r(16,2450,301,967)
w(17,2473,301,967)
w(16,2474,301,967)
r(6,2425,276,968)
w(6,2476,276,968)
r(6,2476,276,968)
r(14,2477,276,969)
r(17,2478,276,969)
w(17,2482,276,969)
r(14,2471,311,970)
r(17,2473,311,970)
w(14,2477,311,970)
w(17,2478,311,970)
r(17,2482,276,971)
w(17,2508,276,971)
r(16,2474,276,971)
r(14,2477,301,972)
r(17,2508,301,972)
r(14,2477,311,973)
r(17,2508,311,973)
w(17,2510,311,973)
r(14,2477,276,974)
w(14,2512,276,974)
r(17,2508,276,974)
r(14,2512,276,975)
w(14,2515,276,975)
r(17,2510,301,976)
w(17,2513,301,976)
r(16,2474,276,977)
w(16,2519,276,977)
r(17,2513,301,978)
w(17,2522,301,978)
r(17,2522,301,978)
r(17,2522,311,979)
r(16,2519,311,979)
w(17,2517,311,979)
w(16,2518,311,979)
r(16,2518,276,980)
r(14,2515,276,980)
w(16,2523,276,980)
w(14,2524,276,980)
r(17,2517,301,981)
w(17,2525,301,981)
r(16,2523,301,981)
w(16,2526,301,981)
r(16,2526,276,982)
r(17,2525,276,982)
r(17,2525,301,983)
w(17,2531,301,983)
r(17,2531,311,984)
r(16,2526,311,984)
w(17,2528,311,984)
r(16,2526,301,985)
r(17,2528,301,985)
w(16,2535,301,985)
w(17,2536,301,985)
r(14,2524,276,986)
w(14,2533,276,986)
r(17,2536,276,986)
w(17,2534,276,986)
r(17,2534,301,987)
r(16,2537,301,987)
r(16,2535,311,988)
r(16,2535,311,988)
w(16,2537,311,988)
r(16,2537,276,989)
w(16,2542,276,989)
r(16,2542,276,989)
r(16,2548,276,990)
r(16,2548,276,990)
w(16,2545,276,990)
r(14,2533,311,991)
r(16,2542,311,991)
w(16,2548,311,991)
r(14,2533,276,992)
r(14,2533,276,992)
w(14,2573,276,992)
r(17,2534,311,993)
r(16,2545,311,993)
w(17,2575,311,993)
w(16,2576,311,993)
r(17,2534,301,994)
r(16,2576,276,995)
w(16,2578,276,995)
r(16,2578,276,995)
r(18,0,311,996)
w(18,2579,311,996)
r(17,2575,311,996)
w(17,2580,311,996)
r(17,2580,276,997)
r(14,2573,276,997)
r(14,2573,311,998)
r(16,2578,311,998)
w(16,2586,311,998)
r(17,2580,276,999)
r(16,2582,276,999)
w(17,2588,276,999)
r(14,2573,301,1000)
w(14,2581,301,1000)
r(16,2586,301,1000)
w(16,2582,301,1000)
r(14,2581,311,1001)
r(3,2286,311,1001)
w(14,2590,311,1001)
r(17,2588,301,1002)
r(14,2590,301,1002)
w(14,2592,301,1002)
r(17,2588,276,1003)
w(17,2594,276,1003)
r(16,2582,276,1003)
r(17,2594,311,1004)
w(17,2596,311,1004)
r(17,2596,311,1004)
r(17,2596,301,1005)
r(14,2592,301,1005)
w(17,2598,301,1005)
r(16,2582,276,1006)
w(16,2599,276,1006)
r(17,2598,311,1007)
w(17,2602,311,1007)
r(18,2579,311,1007)
r(16,2599,301,1008)
r(17,2602,301,1008)
w(17,2604,301,1008)
r(17,2604,311,1009)
w(17,2607,311,1009)
r(16,2599,276,1010)
w(16,2605,276,1010)
r(4,2459,301,1011)
r(17,2607,301,1011)
w(17,2610,301,1011)
r(16,2605,311,1012)
w(16,2612,311,1012)
r(14,2592,311,1012)
r(16,2612,301,1013)
r(17,2610,301,1013)
w(17,2616,301,1013)
w(16,2615,301,1013)
r(14,2592,311,1014)
w(14,2617,311,1014)
r(5,2470,311,1014)
w(5,2618,311,1014)
r(17,2616,276,1015)
r(16,2615,276,1015)
w(17,2613,276,1015)
w(16,2614,276,1015)
r(14,2617,311,1016)
r(14,2617,311,1016)
w(14,2621,311,1016)
r(17,2613,301,1017)
w(17,2620,301,1017)
r(17,2620,301,1017)
r(17,2620,276,1018)
r(16,2614,311,1019)
r(14,2621,301,1020)
r(16,2614,276,1021)
w(16,2629,276,1021)
r(17,2620,311,1022)
r(18,2579,311,1022)
r(16,2633,276,1023)
w(16,2636,276,1023)
r(16,2636,276,1023)
r(16,2629,301,1024)
r(16,2629,301,1024)
w(16,2633,301,1024)
r(16,2636,311,1025)
r(16,2636,311,1025)
w(16,2637,311,1025)
r(17,2620,301,1026)
w(17,2641,301,1026)
r(16,2637,276,1027)
r(14,2621,276,1027)
w(14,2640,276,1027)
r(17,2641,311,1028)
w(17,2643,311,1028)
r(16,2637,276,1029)
r(14,2640,301,1030)
r(17,2643,301,1030)
r(17,2643,311,1031)
w(17,2650,311,1031)
r(16,2637,311,1031)
r(17,2650,301,1032)
w(17,2652,301,1032)
r(16,2637,301,1032)
r(18,2579,311,1033)
r(17,2652,311,1033)
w(18,2656,311,1033)
r(17,2652,301,1034)
w(17,2658,301,1034)
r(14,2640,301,1034)
r(17,2658,276,1035)
r(17,2658,276,1035)
w(17,2653,276,1035)
r(16,2637,311,1036)
w(16,2660,311,1036)
r(17,2658,311,1036)
r(17,2653,301,1037)
w(17,2661,301,1037)
r(4,2459,301,1037)
w(4,2662,301,1037)
r(17,2661,276,1038)
r(16,2660,276,1038)
w(16,2664,276,1038)
r(16,2664,301,1039)
r(17,2661,301,1039)
r(17,2661,311,1040)
r(16,2664,311,1040)
w(17,2665,311,1040)
w(16,2666,311,1040)
r(5,2618,276,1041)
w(5,2669,276,1041)
r(14,2640,301,1042)
w(14,2671,301,1042)
r(16,2666,301,1042)
w(16,2672,301,1042)
r(17,2673,301,1043)
r(18,2656,301,1043)
w(18,2702,301,1043)
w(17,2701,301,1043)
r(17,2665,276,1044)
r(17,2665,276,1044)
w(17,2673,276,1044)
r(18,2702,301,1045)
r(17,2701,301,1045)
w(18,2704,301,1045)
r(17,2675,276,1046)
w(17,2706,276,1046)
r(17,2706,276,1046)
r(17,2701,311,1047)
w(17,2675,311,1047)
r(16,2672,311,1047)
w(16,2676,311,1047)
r(17,2706,301,1048)
r(16,2676,276,1049)
r(17,2706,276,1049)
r(16,2676,311,1050)
r(17,2706,311,1050)
w(17,2710,311,1050)
r(14,2671,301,1051)
r(17,2710,301,1051)
w(17,2714,301,1051)
w(14,2713,301,1051)
r(17,2714,276,1052)
w(17,2716,276,1052)
r(17,2716,276,1052)
r(16,2676,301,1053)
r(14,2713,301,1053)
r(3,2286,311,1054)
r(5,2669,276,1055)
w(5,2721,276,1055)
r(17,2716,301,1056)
r(14,2713,301,1056)
w(17,2723,301,1056)
w(14,2724,301,1056)
r(16,2676,301,1057)
r(16,2676,301,1057)
w(16,2729,301,1057)
r(5,2721,276,1058)
w(5,2727,276,1058)
r(17,2723,276,1058)
w(17,2728,276,1058)
r(17,2728,311,1059)
r(17,2728,311,1059)
w(17,2725,311,1059)
r(17,2725,301,1060)
r(16,2729,276,1061)
r(17,2725,276,1061)
w(16,2732,276,1061)
r(16,2732,311,1062)
w(16,2736,311,1062)
r(16,2736,311,1062)
r(16,2736,301,1063)
w(16,2738,301,1063)
r(14,2724,301,1063)
